version https://git-lfs.github.com/spec/v1
oid sha256:f3157be55ef8b416f1e372ba62be613be8cfc738bccd5874edaa9ef041a48cb1
size 137
